#! FIELDS chi2 ff8 dff8_chi2
#! SET normalisation  1.000000
#! SET min_chi2 -pi
#! SET max_chi2 pi
#! SET nbins_chi2  200
#! SET periodic_chi2 false
 -3.141593 17.396359 -23.573993
 -3.110177 17.305187 4.230505
 -3.078761 17.131271 -11.345596
 -3.047345 16.929412 -0.945562
 -3.015929 17.029796 4.747549
 -2.984513 16.615098 -38.104641
 -2.953097 15.305116 -32.012195
 -2.921681 14.713962 -12.127454
 -2.890265 14.189201 -20.575037
 -2.858849 13.730891 -5.197753
 -2.827433 13.795827 5.975733
 -2.796017 13.985610 5.428007
 -2.764602 14.005954 -7.122900
 -2.733186 13.593087 -14.927251
 -2.701770 13.100282 -20.089620
 -2.670354 12.382353 -18.955426
 -2.638938 12.161334 2.564636
 -2.607522 12.137270 -10.108338
 -2.576106 11.400209 -35.853324
 -2.544690 10.138727 -38.402922
 -2.513274 9.188669 -23.013545
 -2.481858 8.542341 -19.312467
 -2.450442 8.027386 -12.320133
 -2.419026 7.713190 -10.731976
 -2.387610 7.183809 -23.260690
 -2.356194 6.354327 -28.063357
 -2.324779 5.447369 -28.971901
 -2.293363 4.652997 -19.945670
 -2.261947 4.162712 -13.395436
 -2.230531 3.722142 -14.713615
 -2.199115 3.246635 -15.851692
 -2.167699 2.727850 -16.324770
 -2.136283 2.285660 -11.383699
 -2.104867 1.989921 -8.274105
 -2.073451 1.723668 -8.947312
 -2.042035 1.428819 -9.853918
 -2.010619 1.094329 -11.439022
 -1.979203 0.742405 -10.137122
 -1.947787 0.495415 -5.527291
 -1.916372 0.362426 -3.745746
 -1.884956 0.231872 -4.516689
 -1.853540 0.100238 -3.406437
 -1.822124 0.046188 0.157124
 -1.790708 0.079248 0.813588
 -1.759292 0.051157 -2.282715
 -1.727876 0.000000 -0.204981
 -1.696460 0.029897 1.477410
 -1.665044 0.090608 3.044595
 -1.633628 0.250472 6.762256
 -1.602212 0.453225 5.173671
 -1.570796 0.559203 1.910963
 -1.539380 0.607967 1.691518
 -1.507964 0.688190 3.656091
 -1.476549 0.848045 6.411728
 -1.445133 1.066251 7.124115
 -1.413717 1.304095 8.253033
 -1.382301 1.563872 7.519585
 -1.350885 1.767915 6.334273
 -1.319469 2.043757 11.910856
 -1.288053 2.456565 12.230405
 -1.256637 2.753579 7.746902
 -1.225221 3.035305 10.694815
 -1.193805 3.418606 13.758812
 -1.162389 3.915935 17.794848
 -1.130973 4.525255 21.243497
 -1.099557 5.271074 25.418889
 -1.068142 5.957476 15.546872
 -1.036726 6.326951 12.573633
 -1.005310 6.947891 26.755469
 -0.973894 7.822447 25.052605
 -0.942478 8.452605 17.319174
 -0.911062 9.092470 24.816803
 -0.879646 9.956439 27.257082
 -0.848230 10.609370 12.869087
 -0.816814 10.885337 8.841350
 -0.785398 11.407461 26.610917
 -0.753982 12.546251 43.526270
 -0.722566 13.922183 40.231494
 -0.691150 15.008213 32.231802
 -0.659734 16.152328 38.440264
 -0.628319 16.981002 11.013831
 -0.596903 17.365798 25.319633
 -0.565487 18.816944 58.303034
 -0.534071 19.826887 1.207171
 -0.502655 20.058734 24.840551
 -0.471239 20.252098 -50.156665
 -0.439823 17.808397 -67.782709
 -0.408407 16.878983 10.353871
 -0.376991 18.273106 68.296049
 -0.345575 19.933885 24.684749
 -0.314159 20.658567 37.369510
 -0.282743 22.335570 58.075052
 -0.251327 23.593926 19.617720
 -0.219911 23.766119 -7.872799
 -0.188496 23.149815 -27.165301
 -0.157080 21.978727 -62.151147
 -0.125664 18.862244 -116.103311
 -0.094248 15.823461 -71.078014
 -0.062832 14.466144 -15.379070
 -0.031416 14.915315 45.581478
 0.000000 17.361995 107.406689
 0.031416 20.834556 86.476232
 0.062832 22.106832 13.178263
 0.094248 22.343125 -5.036478
 0.125664 21.140187 -68.200587
 0.157080 18.859200 -72.262142
 0.188496 16.518289 -72.935149
 0.219911 14.890290 -22.079034
 0.251327 15.396794 55.037672
 0.282743 17.970459 83.601266
 0.314159 17.763621 -84.250914
 0.345575 15.315262 -57.874563
 0.376991 14.207846 -15.629544
 0.408407 14.093256 4.938028
 0.439823 14.337011 6.073534
 0.471239 13.958977 -36.807346
 0.502655 12.377646 -51.229991
 0.534071 11.144686 -28.954701
 0.565487 10.206603 -34.590909
 0.596903 9.074098 -33.910419
 0.628319 8.197228 -21.277598
 0.659734 7.686700 -14.254303
 0.691150 7.044201 -28.873246
 0.722566 6.011678 -32.313651
 0.753982 5.164175 -22.316036
 0.785398 4.529647 -17.760590
 0.816814 4.116925 -9.019018
 0.848230 3.801768 -13.571039
 0.879646 3.245206 -20.480537
 0.911062 2.625605 -17.333726
 0.942478 2.210246 -9.223910
 0.973894 1.995782 -5.700164
 1.005310 1.762215 -10.158303
 1.036726 1.397121 -10.981119
 1.068142 1.187338 -1.940497
 1.099557 1.204055 1.083634
 1.130973 1.187955 -1.869401
 1.162389 1.121233 -2.505598
 1.193805 1.007385 -4.231605
 1.225221 0.948104 1.637600
 1.256637 1.085358 5.222149
 1.288053 1.159956 -0.986370
 1.319469 1.099333 -1.133978
 1.350885 1.141605 3.658246
 1.382301 1.287201 4.790226
 1.413717 1.408387 2.591365
 1.445133 1.437718 -0.646287
 1.476549 1.404560 -0.646085
 1.507964 1.422648 1.562278
 1.539380 1.480970 2.141359
 1.570796 1.571982 3.546702
 1.602212 1.663500 1.656846
 1.633628 1.699394 1.925928
 1.665044 1.861685 8.623720
 1.696460 2.163188 8.676042
 1.727876 2.368338 5.149155
 1.759292 2.537430 5.942575
 1.790708 2.754528 8.001918
 1.822124 3.030292 9.117562
 1.853540 3.314338 9.233135
 1.884956 3.659037 13.420786
 1.916372 4.139088 16.039926
 1.947787 4.661301 18.417477
 1.979203 5.347182 24.612296
 2.010619 6.108791 22.002156
 2.042035 6.637042 11.184441
 2.073451 6.916805 9.586295
 2.104867 7.345930 17.189037
 2.136283 7.902648 17.344429
 2.167699 8.478680 20.886543
 2.199115 9.271385 28.848266
 2.230531 10.156650 25.256126
 2.261947 10.779777 13.273085
 2.293363 10.979035 2.164695
 2.324779 11.188863 13.687871
 2.356194 11.776023 21.001422
 2.387610 12.463244 24.275575
 2.419026 13.354933 30.615761
 2.450442 14.164568 18.819166
 2.481858 14.576099 7.068719
 2.513274 14.526082 -7.208380
 2.544690 14.602140 18.198402
 2.576106 15.701960 47.180201
 2.607522 17.154969 41.139214
 2.638938 18.461423 49.071334
 2.670354 20.433956 69.105456
 2.701770 21.165263 -45.078333
 2.733186 18.972312 -65.682380
 2.764602 17.836736 -2.195253
 2.796017 18.954459 73.296589
 2.827433 22.118647 110.495692
 2.858849 24.038814 9.451046
 2.890265 24.173344 4.087874
 2.921681 23.094977 -83.403922
 2.953097 20.476381 -60.331652
 2.984513 19.826940 20.738313
 3.015929 21.805680 105.095101
 3.047345 26.385092 184.289693
 3.078761 32.726649 186.749644
 3.110177 35.888291 21.365573
 3.141593 37.035147 59.134942
