#! FIELDS t3 ff13 dff13_t3
#! SET normalisation  1.000000
#! SET min_t3 -pi
#! SET max_t3 pi
#! SET nbins_t3  200
#! SET periodic_t3 false
 -3.141593 26.656979 -70.482030
 -3.110177 25.166976 -27.903428
 -3.078761 24.671240 -7.100903
 -3.047345 24.574773 0.053421
 -3.015929 24.676317 6.796872
 -2.984513 25.021532 15.341642
 -2.953097 25.621538 21.842171
 -2.921681 26.335527 23.780404
 -2.890265 27.195761 31.959424
 -2.858849 28.315094 37.855914
 -2.827433 29.526800 39.553437
 -2.796017 30.841313 44.205320
 -2.764602 32.255286 44.455143
 -2.733186 33.592898 40.840726
 -2.701770 34.865918 40.544703
 -2.670354 36.111205 37.564451
 -2.638938 37.193951 31.392714
 -2.607522 38.070579 23.493488
 -2.576106 38.644597 13.859662
 -2.544690 39.046160 12.832842
 -2.513274 39.432032 10.620179
 -2.481858 39.718406 9.111856
 -2.450442 40.091227 14.858264
 -2.419026 40.609024 17.062840
 -2.387610 41.108365 14.039523
 -2.356194 41.467142 8.761978
 -2.324779 41.700123 7.380977
 -2.293363 42.008506 12.573176
 -2.261947 42.440453 13.710564
 -2.230531 42.844203 12.128503
 -2.199115 43.176572 7.836646
 -2.167699 43.281363 -0.890383
 -2.136283 43.220803 -1.190317
 -2.104867 43.194860 -3.020053
 -2.073451 42.865046 -19.010048
 -2.042035 42.004514 -35.486811
 -2.010619 40.694791 -46.577517
 -1.979203 39.092261 -56.053914
 -1.947787 37.193636 -63.222716
 -1.916372 35.207351 -63.244715
 -1.884956 33.142870 -68.734612
 -1.853540 31.025894 -62.056289
 -1.822124 29.411719 -41.022498
 -1.790708 28.206550 -40.983777
 -1.759292 26.739474 -49.975586
 -1.727876 25.189078 -48.764790
 -1.696460 23.611795 -52.578901
 -1.665044 21.904659 -54.405178
 -1.633628 20.292506 -48.060731
 -1.602212 18.800399 -48.486639
 -1.570796 17.251484 -48.587970
 -1.539380 15.817379 -42.830179
 -1.507964 14.503922 -41.694709
 -1.476549 13.170566 -43.188709
 -1.445133 11.812843 -42.786800
 -1.413717 10.475842 -42.973937
 -1.382301 9.105501 -43.360755
 -1.350885 7.817233 -38.403701
 -1.319469 6.644625 -37.274361
 -1.288053 5.468824 -36.770068
 -1.256637 4.379212 -32.430898
 -1.225221 3.414375 -29.504665
 -1.193805 2.494521 -29.147139
 -1.162389 1.628763 -24.740237
 -1.130973 0.990043 -15.896144
 -1.099557 0.591861 -10.430031
 -1.068142 0.287955 -8.989784
 -1.036726 0.062988 -4.710618
 -1.005310 0.000000 0.549683
 -0.973894 0.100663 6.001110
 -0.942478 0.376686 11.503653
 -0.911062 0.827281 17.130470
 -0.879646 1.427968 20.516978
 -0.848230 2.101765 22.556430
 -0.816814 2.866123 26.274159
 -0.785398 3.757810 30.483649
 -0.753982 4.772179 33.720469
 -0.722566 5.878983 37.216605
 -0.691150 7.127301 41.684037
 -0.659734 8.453746 42.557447
 -0.628319 9.835338 45.763949
 -0.596903 11.308729 46.975135
 -0.565487 12.740780 43.964748
 -0.534071 14.099235 42.955300
 -0.502655 15.462967 44.097209
 -0.471239 16.891596 46.559506
 -0.439823 18.331427 43.935996
 -0.408407 19.640677 39.897415
 -0.376991 20.867792 37.994443
 -0.345575 22.016808 35.434112
 -0.314159 23.149051 37.147599
 -0.282743 24.330117 37.177987
 -0.251327 25.477450 36.145164
 -0.219911 26.574459 32.187429
 -0.188496 27.419096 21.271423
 -0.157080 27.999491 18.279656
 -0.125664 28.717997 28.461518
 -0.094248 29.720302 32.276895
 -0.062832 30.562966 20.708566
 -0.031416 31.145106 18.593428
 0.000000 31.753383 18.906189
 0.031416 32.277966 14.554095
 0.062832 32.699741 12.364494
 0.094248 33.002739 5.374572
 0.125664 32.982984 -5.825123
 0.157080 32.762787 -6.613753
 0.188496 32.580239 -5.710947
 0.219911 32.344334 -10.387596
 0.251327 31.886423 -18.812696
 0.282743 31.176652 -26.014624
 0.314159 30.281949 -30.430129
 0.345575 29.325912 -28.821178
 0.376991 28.542236 -21.486826
 0.408407 27.845795 -25.402363
 0.439823 26.901477 -33.204873
 0.471239 25.867597 -32.119869
 0.502655 24.828445 -35.504219
 0.534071 23.596714 -42.077220
 0.565487 22.285385 -40.315640
 0.596903 21.027670 -41.543942
 0.628319 19.617633 -47.318811
 0.659734 18.178842 -42.194886
 0.691150 17.031572 -31.546653
 0.722566 16.051156 -33.452990
 0.753982 14.869890 -41.240233
 0.785398 13.504277 -45.124480
 0.816814 12.074536 -45.187960
 0.848230 10.684819 -43.573239
 0.879646 9.314021 -43.616652
 0.911062 7.965164 -42.192534
 0.942478 6.648598 -41.625684
 0.973894 5.383707 -38.180626
 1.005310 4.272887 -32.516135
 1.036726 3.330003 -27.872670
 1.068142 2.491251 -25.908795
 1.099557 1.704690 -23.675547
 1.130973 1.046729 -17.613512
 1.162389 0.607259 -10.761539
 1.193805 0.333575 -6.999735
 1.225221 0.179530 -2.385288
 1.256637 0.193075 3.077972
 1.288053 0.363591 7.796093
 1.319469 0.690834 13.044778
 1.350885 1.173635 17.537600
 1.382301 1.798397 22.349124
 1.413717 2.572903 26.736247
 1.445133 3.475254 30.715825
 1.476549 4.503034 34.662298
 1.507964 5.661114 39.189591
 1.539380 6.970375 43.979528
 1.570796 8.402858 46.507298
 1.602212 9.861857 46.398409
 1.633628 11.375880 51.062974
 1.665044 13.116215 59.674027
 1.696460 15.091202 64.727955
 1.727876 17.106880 62.892898
 1.759292 19.079044 63.261400
 1.790708 21.089168 63.902067
 1.822124 23.081972 63.026945
 1.853540 25.072428 63.486433
 1.884956 27.065405 62.997718
 1.916372 29.006299 59.362698
 1.947787 30.711330 48.212499
 1.979203 32.107189 42.671503
 2.010619 33.446020 40.877388
 2.042035 34.514592 25.851859
 2.073451 35.197301 21.065073
 2.104867 35.951501 26.322428
 2.136283 36.738179 21.767982
 2.167699 37.231931 8.837274
 2.199115 37.345606 1.276834
 2.230531 37.491900 8.729660
 2.261947 37.772284 5.931430
 2.293363 37.761494 -5.849020
 2.324779 37.526107 -7.929620
 2.356194 37.225781 -12.312709
 2.387610 36.793173 -13.321751
 2.419026 36.450461 -8.987198
 2.450442 36.142149 -12.227214
 2.481858 35.636987 -19.658709
 2.513274 34.926168 -25.653090
 2.544690 34.055498 -28.339316
 2.576106 33.228640 -23.844744
 2.607522 32.552716 -19.509297
 2.638938 31.939525 -21.103446
 2.670354 31.185965 -26.080802
 2.701770 30.384941 -23.713480
 2.733186 29.736160 -17.616595
 2.764602 29.255530 -13.273874
 2.796017 28.901749 -9.114155
 2.827433 28.680605 -5.418095
 2.858849 28.508777 -6.322197
 2.890265 28.266315 -9.034201
 2.921681 27.961913 -9.556516
 2.953097 27.717810 -5.978844
 2.984513 27.525459 -7.298280
 3.015929 27.246957 -10.378010
 3.047345 26.839921 -16.086795
 3.078761 26.306087 -14.825845
 3.110177 26.170238 10.714989
 3.141593 27.243776 61.191822
