#! FIELDS time d1 d3 d6 d7 chi1 chi2 sort.1 t3 t4 
 0.000000 1.315530 0.546575 0.795638 0.583536 -1.099764 -1.530395 0.583536 1.449923 -0.390767
 0.000000 1.359477 0.756078 0.807068 0.648229 -1.062131 -1.543080 0.648229 2.870763 0.632819
 0.000000 1.507207 0.697590 0.839433 0.635471 -1.135675 -1.565730 0.635471 2.978101 0.447446
 0.000000 1.334306 0.768959 0.790121 0.600825 -1.041258 -1.521486 0.600825 2.682611 0.066900
 0.000000 1.323429 0.394360 0.816916 0.634330 -1.054084 -1.523007 0.634330 1.118949 -1.092892
 0.000000 1.335818 0.305867 0.748289 0.557368 -1.092190 -1.565044 0.557368 1.084494 -1.614146
 0.000000 1.359465 0.800065 0.777671 0.610078 -1.121227 -1.569749 0.610078 1.943968 -0.007060
 0.000000 1.347465 0.293160 0.838001 0.654882 -1.051677 -1.518718 0.654882 1.055070 -1.613991
 0.000000 1.351843 0.328327 0.820539 0.645302 -1.052211 -1.506700 0.645302 1.097390 -1.461125
 0.000000 1.308606 0.393489 0.808045 0.606486 -1.038421 -1.548589 0.606486 1.166954 -1.248639
 0.000000 1.452966 0.803937 0.855793 0.655784 -1.082514 -1.519291 0.655784 2.484101 -0.111293
 0.000000 1.334275 0.779203 0.801580 0.597726 -1.048880 -1.559425 0.597726 2.551527 -0.061852
 0.000000 1.355323 0.709152 0.788757 0.587399 -1.016866 -1.491536 0.587399 3.041408 0.546532
 0.000000 1.221905 0.889877 0.484366 0.300466 -2.881632 -1.698607 0.300466 -1.031053 0.053960
 0.000000 1.455445 0.783920 0.827443 0.637074 -1.125914 -1.569408 0.637074 3.036339 0.285628
 0.000000 1.292673 0.384738 0.841272 0.638876 -1.017653 -1.553478 0.638876 1.178835 -1.199475
 0.000000 1.433635 0.748093 0.893351 0.702706 -1.001573 -1.508212 0.702706 3.008177 0.313643
 0.000000 1.404701 0.304806 0.780336 0.604544 -1.140630 -1.566868 0.604544 -1.000576 -0.144673
 0.000000 1.364411 0.626044 0.829808 0.630318 -1.067865 -1.483553 0.630318 1.618238 -0.282459
 0.000000 1.196380 0.835513 0.444565 0.255650 -2.907341 -1.718644 0.255650 -0.925769 -0.063645
 0.000000 1.254257 0.647162 0.524054 0.332165 -2.862667 -1.749057 0.332165 1.153013 -0.146231
 0.000000 1.291799 0.302571 0.797421 0.596091 -1.037393 -1.524303 0.596091 1.125684 -1.583635
 0.000000 1.650524 0.412640 0.837768 0.651728 -1.173457 -1.497535 0.651728 -1.119666 1.470249
 0.000000 1.370785 0.750879 0.829462 0.634298 -1.088237 -1.498155 0.634298 2.939626 0.252659
 0.000000 1.375214 0.319709 0.821305 0.624346 -1.069810 -1.484295 0.624346 1.108190 -1.618074
 0.000000 1.414756 0.694196 0.832464 0.654789 -1.068433 -1.487597 0.654789 1.451238 -0.036038
 0.000000 1.439643 0.794695 0.822742 0.641129 -1.098300 -1.537213 0.641129 2.904569 0.336870
 0.000000 1.354929 0.418458 0.807741 0.597597 -1.077349 -1.512868 0.597597 1.218674 -0.928049
 0.000000 1.393448 0.750226 0.808576 0.621201 -1.125532 -1.529156 0.621201 2.998304 0.319816
 0.000000 1.406429 0.555502 0.822599 0.630210 -1.072593 -1.535937 0.630210 1.191436 -0.327083
 0.000000 1.353852 0.342603 0.733447 0.540497 -1.235974 -1.633511 0.540497 -1.019454 -0.014955
 0.000000 1.236163 0.806701 0.450234 0.285054 -2.942789 -1.823764 0.285054 -1.012418 0.085111
